green_x,green_y,red_x,red_y,red_tip_x,red_tip_y,distance_px,angle_deg,angle_micro,angle_macro,distance_micro,distance_macro
66,77,66,67,62,70,10.51,137.65,wnw,west,near_1,near
