0,1,2
24,36,4
1,36,28
0,2,63
